189.23016168323028 479.9938357799235 169.61653893698193 443.14884489203956 390.25545694707813 242.64328367597818 195.46675920190884 378.75245119131256 566.9584510019569 395.68160127124486 
176.08587237382534 201.0578556691527 372.9856863160328 361.36877851350937 238.53107049073017 122.24277415749559 363.1397845799451 499.9276169722152 23.3031260286128 356.5341537496039 
102.28973540662952 306.57335969698596 45.813912189620545 606.025672857074 356.54422293529984 447.64254078659036 213.1640739483489 527.3912623038493 350.28189250605556 556.9146288230058 
354.8243731606986 375.58843283585554 422.6323723997888 463.22035348479665 575.8147428946311 570.6449642019343 167.00166223721482 70.43034760899177 590.9745072320394 283.6229602317609 
287.23574326483623 460.91798060463213 348.917788290022 87.85384741816326 354.01610705828193 543.5899752540386 204.2675880032145 71.53815602663965 395.08097293421304 517.5787240381042 
246.7625708858157 557.8037104133239 602.8659129529794 172.68992831410236 345.8300666074006 128.3161882736008 193.1577039770498 597.6993826049967 219.21909955408788 196.53556374391266 
198.35510331565695 617.5925943839712 184.28733524806844 326.7123717272163 128.9302824840638 430.8411107869986 400.5355228092954 444.71747376752177 186.68468266311655 467.80909511566784 
161.9831847515439 436.7989633306328 463.3931381461986 441.3841184404068 147.9795400983406 382.3601813891612 108.42984807497017 110.92579410293722 491.04303213136274 616.8524756985895 
198.97003828065792 430.62600138103033 270.3235585155129 370.87635726771833 396.36109469795673 303.37455410216626 589.2809315754643 481.58503162709815 22.256889468901324 511.22390400697174 
346.17345636150884 222.48376617380256 538.1089605043643 143.54679276356916 355.9502660382115 47.71919189554546 561.6084936083048 393.98043796336333 432.14125305987193 596.9519784007615 
503.6726204109289 147.25118041044323 587.338275899431 456.906743629187 459.5689678048403 326.97323614965353 260.86145744308374 125.69306185265496 337.7721375332316 525.5152257356581 
432.20425928758186 575.9910960645145 560.1458415178221 387.02845052347897 428.85114358214037 563.195839066794 617.0445190970887 364.7304677834287 587.0615468850675 574.6135027645644 
110.92805894448313 223.537804780816 474.21386591832174 465.8039818620911 472.08355465519395 409.1415469076249 531.3032825081283 180.16300746615573 280.04762289383166 154.61952824784123 
144.1872035907815 497.8378407952117 74.32329802821387 145.6789356595449 302.17186193981814 310.07016273289076 287.9849829677974 315.6229787595222 552.5341619477242 265.0600138948745 
87.7653941360112 291.1354771266512 509.57216859686616 581.4444364772968 254.21822616419755 559.9770305208593 126.77826583827927 175.484677026042 185.55013896028842 181.68660108216486 
290.72856579728636 198.05548963639444 258.7160296683869 212.38220459903886 45.2824206809952 227.53065353226057 531.3712145241229 564.7544101704985 104.68565009908453 114.65803442804763 
118.27426407488342 374.3465912203271 264.17148319442435 225.5182633892838 525.7343179354625 93.21539025936805 66.65267183274698 178.66060846422306 177.6964839674318 82.06544317230178 
234.098698251992 522.509857992665 517.0593670998478 221.95191930216808 122.19184187458019 549.1379920299081 415.8180510476486 416.6446146550049 406.85574705129125 590.4942149229047 
177.62665414127747 206.7475702402646 561.2502877324388 493.1874160491842 566.3740552151395 66.66765335603911 31.82658094139213 517.9145021155072 444.3665129074212 505.5261140678882 
172.0357170583701 259.62852050532 353.7110201880408 43.106711152496786 542.2851079633889 334.5402361190456 324.4929788864594 481.93423647067254 134.7360433980321 330.04704096314236 
