160.3782628089954 43.2880320832234 82.31276470893094 293.345489161528 21.258178438878552 443.40389704827516 334.4984453717323 434.7557046951912 208.44994163651302 25.457162212883347 74.74214823733976 427.4786377747981 105.09912978405578 90.96154549031908 215.70092470955393 78.22416353575206 164.53624050856612 443.30307593496593 243.71505553751803 21.58642106069907 
252.7911539104352 38.48988065680069 388.8524599330911 466.1456797052226 404.46828330205307 92.71943052934178 365.540260892732 320.239362180784 87.68538197588803 273.7166280457658 341.98668006535655 386.8554261417086 198.7792436046966 227.79572765977062 421.5962362045983 442.10115887405334 132.48133457355505 319.5992745255011 44.58164778964418 136.7005235032183 
398.2665399670762 86.46724196291949 342.97523876443273 284.9732417033012 378.57811739085673 34.38922946268196 107.24318464944976 230.74863584105742 449.6320217240676 27.493270360641578 147.70568482326195 104.66745651565644 310.5037061581033 148.02397316029902 458.96613373241337 412.32472215238914 491.2004396836229 28.763363094096984 220.55247740966198 17.706845040289565 
135.42244382128465 284.847442199812 291.97386158679535 211.37592518550574 278.7158552308937 296.9316892166189 485.3956273968405 177.85463165670205 467.7205748503962 222.65846914830772 24.135913688810565 301.66453416787874 191.21635665143654 238.37963712816256 220.18687352102938 376.4712188932133 218.6699545190415 138.08738466407976 28.963678174498455 406.78912203982395 
66.98678092498693 41.506400556886916 264.48445408809016 316.69939654661107 441.1698772759576 88.30068141779273 383.18424782593434 505.03377151210555 119.58960862786493 120.34777723057788 369.56608624768603 311.4776489389668 379.56699813143024 479.0339372696157 381.89243188300816 83.04547562915548 183.97395371291628 169.5230573033327 441.1199553946351 155.3815789380668 
474.5534327402763 268.9526885032316 71.28083944967416 188.33958990332937 42.66272639808526 80.51007976860197 424.51387488492793 420.29346736791024 73.14293559855633 160.34157721697693 48.94809782460723 30.633481306518874 82.01785367961999 469.2483339240091 82.64261979169927 424.8999491828243 93.72524203569131 26.121523277663307 281.78521693213577 382.0082437339615 
28.583717657393027 65.07026607543091 416.3533043159935 128.0178175810653 396.1984659685686 323.1951108268845 191.4400514246779 25.898625226568985 15.508621682532521 210.96066854575838 477.44894813864585 195.74796723377767 107.17975085801977 242.11999189942472 257.35992378661643 504.9109322584856 229.044414712523 225.14422176885412 324.2701013281184 492.4574431016987 
150.29388702031926 343.1104896929917 387.41233765909556 417.4692202889705 385.1242850496486 374.0011112376098 369.85468054119366 245.58959856489787 231.54016723989457 428.36736796166196 306.08385216625663 13.289483731252318 286.0186526822615 206.3108347901032 372.67586377962317 134.30244109664818 29.73735029808854 400.73556909265335 210.2570092094932 337.6821023833852 
207.06911180010212 498.8240698486939 319.9581293844078 51.93504254684921 342.04669889035983 358.6902747690018 442.5655037195308 174.68223512201297 363.5006358252189 63.162723546637814 453.57140574009753 292.30209971667904 434.5731999653413 177.65090551324298 432.32735472246236 39.008507311038045 207.31181026519735 164.04805770880202 188.50339501904534 409.8165893451202 
348.0448669029178 327.6234055640954 154.05630446244732 466.84972742958445 304.2432014221186 298.85701907164 173.90999273451968 503.4406255407782 408.5702017624194 177.17051133763144 353.55123323952705 355.4797782055761 40.82387213311721 88.50654749971919 246.74374722331964 174.464337119769 193.47376172157632 33.71030522145112 291.5638321064269 101.70056677093218 
