286.133196681948 298.7475371558637 228.59427654950545 32.9558201250652 474.14375686612556 513.2280232867403 291.7425053793887 211.05219294927105 123.20697741657968 513.7847457952421 277.65082129048074 263.3190684854088 450.65235906704146 499.3233672190595 490.48073002084436 519.516913834727 181.1744808102139 326.29028506238853 528.4770849933773 154.56092770672248 
119.59513328718388 470.0912989203456 181.45558370924198 390.5829451976126 584.5995703265501 113.69542738361574 231.0611612658331 36.72553647140083 424.5404974914061 222.01752319753348 549.8912273104388 300.2615957777996 486.40393728790303 410.67337314775534 245.57731052597026 552.6334079100975 159.03024567670812 167.70121277866727 545.9190256674764 484.0049668645091 
361.6843167230696 136.8431770137979 471.1639943010426 229.9211538244835 99.0686657692035 520.980701721 89.52751356438674 403.6675984053414 253.87321785833902 414.31731235505083 502.0457337408516 517.9250493297873 237.95525486567425 221.90291753844804 52.85608085157945 429.31185048189985 273.2437280451917 475.09301242061196 210.99868058722032 589.4083619211923 
23.46123298539014 101.53671745129077 519.8324795508221 35.8571050886281 47.75779556835531 358.2874373879922 560.1599408326621 207.13231532399143 97.34982403975457 386.62977560059335 23.153933892744874 614.5726764561504 426.2584070766152 497.2164929633 139.1806376571975 155.27098764083613 437.2402548459445 44.109365444178586 258.6121706816027 599.4144969743419 
534.0054674113991 296.31743910978724 330.7227628171524 535.669754875776 600.815530299073 65.4268182870764 376.7620883553476 608.2055116599024 80.55546676975646 197.91524867162184 203.29972260862112 228.94765981469624 572.3739355290427 190.74576970516063 351.93419438111493 298.65984822366016 619.9848145023252 338.83272036323405 31.460690164303777 220.4434514522986 
111.72429633452876 172.9741625695348 528.5908512192575 439.2507940300419 63.45700494917586 296.84434165389007 543.3186791470994 291.005326258064 505.42502918652997 481.63993067574427 45.026165453038885 294.92237878303627 544.1335303769143 226.9738702550523 595.4223611921957 172.62450986199443 20.366851161384574 346.61050155861443 434.409748071753 227.64486245198756 
534.4285097246046 87.63573702854025 174.97161368661205 68.91257634212478 159.69933308753502 41.65606037818577 303.174126860198 211.81385574597238 315.6070108067696 256.6200959719051 29.37691858559859 240.42243805857586 221.10113944384798 507.85648099943063 586.7459584160033 564.4932921838265 99.72730290193293 236.921740328088 23.16236639673495 554.8131893184342 
257.3940667681993 616.852080727944 282.6209906209757 390.50204165345144 103.92664186569864 552.4126568315953 122.21252908227967 301.85860270578013 139.50078669900762 173.93814058708 360.78276215542024 42.34438450746803 477.05097668867495 333.35842819756425 105.36299177339788 373.29948818323976 421.74636070494284 561.0030614964311 551.4650256443907 94.98414502954267 
178.62833163008236 491.77830951013243 103.33475340264052 307.5396690958976 509.5035130917637 319.31042010220415 110.2579793724884 135.46262285218458 510.18587733809255 186.64909026882066 465.01221462272787 99.18582988742935 429.18165781593615 372.12463368684814 460.55821368989456 67.36024633009143 398.91092788535923 78.95271974118683 51.06505252497838 473.43104330347415 
500.5596031091117 587.1804979084895 413.3624034020727 30.1020417463602 533.6554658587384 76.56765538861606 454.91381675449213 125.28202625607798 411.4621529605331 578.9964051451932 464.4047595541889 433.1067350672795 453.28463806768474 269.00395671698857 251.039179966865 423.63028081140124 394.7802880626353 251.0313194399724 268.63822719920284 604.7797499962567 
