307.52465091715777 271.0969344923114 44.91049154801124 34.846274899368694 478.0780515037828 31.266925670352876 154.64192528866738 294.6209079281795 53.86140955163831 449.2387685468488 
155.87347674079427 424.92820567380244 320.73682413037824 420.4948626487766 349.1285265490267 120.27330099516503 429.05411388919504 196.39853391336857 21.076741598851303 423.0048882839295 
98.34032430396516 287.62165291969404 37.05623667577489 309.74153480152137 348.1427661868747 366.8702831892265 351.35076558205975 184.32257546109224 319.4787927932623 266.6116474495348 
62.17534741747026 435.4868165499432 376.3454055137692 292.50536634175654 263.32309484318966 342.48212673896916 301.7416831449882 198.24217923489493 69.42666121122231 236.8090998964566 
27.6574264752159 292.49331396914476 316.7872261153426 453.30186432750537 463.48089769449916 273.67348794858174 66.72430586074546 228.7491223735684 112.27889362867937 13.220852691740884 
163.3994089912976 331.2586700820239 289.4022744504942 133.0968232822255 223.06669298638369 328.56841755033946 382.8700564822802 348.2090414979379 56.70375029966589 28.507081423646266 
219.9851348639813 169.46061150145874 152.97563887355724 249.80762602963657 229.63494214139234 188.12853276990953 473.48531137875904 206.47665070663533 214.7299260091182 287.27480069766324 
437.2635247850514 413.9228035340498 174.23314853788762 250.8929244615925 96.4514031391369 150.047318438209 239.23408011050677 366.4932990546072 130.12868672695345 129.49989371853854 
412.51967060396476 241.83032636349427 408.24097088141707 174.30293818656693 426.0959088777171 181.47454710816578 502.57883722785016 289.0473768856767 156.11288977572335 93.9329281127787 
146.76216200160323 173.86303140822574 159.64665558162082 25.020220273835207 272.18267931877125 333.366934416015 22.79073800235253 38.18481109249865 371.8579089458684 64.79244064382661 
334.51072349898504 287.49200576268566 69.14958977929612 233.502363606848 225.71488352403446 253.96782168075225 393.29974720692155 369.0893541942831 37.993920537844446 241.00662897439705 
388.73748713382565 240.26649332493741 311.48312840836485 349.5455468279544 310.1097081744744 191.7513111217872 406.2999174840367 278.70884997060506 279.988783815179 151.34635006764017 
197.0099172624553 422.62547764390155 411.2103576203236 340.4193467631581 404.57481183548373 359.122716875911 20.794448572549022 345.9863099368313 255.23492359310268 450.99927531295293 
187.40289413637188 337.60032718430534 280.7798009495072 405.5808340626856 29.28626480549195 337.2495531752955 199.65981439786472 263.2611356120366 204.673482614233 75.46731238832515 
443.3919831296324 410.7318574612134 261.557117185889 91.85743011010827 17.713107305364673 339.6042930096758 88.82761787545178 363.2381084647125 12.933297827748094 496.12603445595437 
345.7094891071037 367.60715201022765 202.94315379243753 192.69568297248466 371.4526562880831 117.13199005323698 297.32755653285216 176.87889640134046 202.23204057517466 318.36746040629936 
36.039296906892105 78.62866934687784 447.2084892925955 442.9044180338383 441.08566492921744 81.4131298341385 400.7043149708181 116.65250956596527 164.68107311072794 287.953952299992 
392.4462880565853 360.95997968525046 498.31889103765934 376.2784512937375 502.8295709569493 343.77384664067426 232.21559607954862 266.7885487864016 395.1553900388151 424.0434432789357 
179.5803246262243 146.04972044364706 141.79576560875554 397.570493209287 305.16304422707526 318.0029759257876 46.23836844077266 477.50889358071436 22.534390054559918 478.30313875730576 
87.96461798580434 167.71719154840935 349.5503078341137 132.48643985117624 242.11415416058662 312.16706374409205 236.45459509119004 503.67055984523165 50.88883137728355 228.61074484893817 
